1951,0.1,1.6,1.8,8.6,12.3,17.5,18.3,19.4,15,7.1,7,2.7
1952,0.6,-0.3,-0.6,10.8,12.1,15.9,19,19.1,11.5,7.2,2.9,-1.4
1953,-1,-0.5,3.5,10.2,13.3,19,20.4,17,14.4,11,4.4,0.7
1954,-6.2,-6.9,3.6,5.4,13.5,18.3,16.3,17.7,15.2,9.5,2.8,3.5
1955,-2.8,-2.7,0.3,5.6,11.6,15.7,18.6,17.7,14.2,8.3,3.9,2.4
1956,0.1,-12.1,1.5,6,12.8,15.6,17.6,15.6,13.8,8.5,0.1,0.9
1957,-0.4,3.2,4.6,7.9,11,18.4,19.2,15.9,12.4,8.9,5.4,-0.5
1958,-1.5,1.5,-1.3,5.2,15.2,15.5,18.7,17.2,13.7,9.8,4.5,1.9
1959,0.2,-2.5,5.9,9.3,13.6,17.1,20.2,18.2,11.9,7.7,3.4,1.3
1960,-1.8,-1.9,3.5,7,13.5,17.1,16.8,16.8,12.9,9.8,5.8,2.5
1961,-2.5,3.1,6.3,11.5,11.5,17.5,16.1,16.3,15.4,11,3.8,-3.1
1962,0.6,-0.8,0,10.6,10.9,15.4,16.1,17.3,12.7,8,4.5,-3.8
1963,-9.7,-7.9,0.6,9.1,13.5,17.5,19.4,18.1,14.7,8.6,7.8,-3.3
1964,-3.2,-1.6,-0.9,9.1,13.8,18.8,18.8,16.1,13.3,7.8,4.5,0.3
1965,0.9,-3.8,1.6,7.2,11,16.4,16.3,15.7,14.1,7,0.5,1.7
1966,-5,1.6,3.5,9.4,13.1,17.3,17.4,16.8,13.3,11.9,3,1.3
1967,-1.1,1.9,5.7,7.4,13.6,16.2,19.1,17.2,15.5,12,4.2,-0.1
1968,-1.8,0.8,4.2,9.2,11.6,17.6,17,17.2,14,9.1,4.5,-3.3
1969,-3.6,-1.8,-0.5,7.3,14.5,16.3,19,16.7,14,9.2,5.7,-6.5
1970,-4.8,-2.5,0.7,7.3,12,17.3,17.6,17.2,12.6,8.7,5.5,0.5
1971,-4.6,1.5,0.7,8.6,15,15.3,18,19.2,11.7,8.6,3.2,3.8
1972,-3.7,1.5,5.4,8.1,12.9,16.1,19.2,16.4,11.2,6.2,5.1,-0.7
1973,-0.8,1.9,4.4,6.2,12.6,16,17.7,17.8,14.6,7.3,2.6,-0.2
1974,2,2.9,5.9,8,11.6,14.4,16.1,18.3,13.3,6.2,4,3.9
1975,3.8,-0.1,4.4,7.4,13.7,15.8,18.6,18.4,16.5,8.1,2.4,1.6
1976,-0.2,-1.3,0.5,7.3,12.7,16,18.6,15.3,12.6,9.2,5.3,-1.1
1977,-0.5,1.7,6.4,6.3,12.3,17.1,16.4,16.3,11.7,9.4,5.7,0.5
1978,0.1,-1.1,4.6,6.8,12.2,15.4,16,15.8,12.5,9.5,4.4,-1
1979,-4.5,-3,3.9,7,14.3,19,15.3,17,13.8,7.3,3.7,3.7
1980,-5.1,0.5,2.1,6.3,10.3,15.6,16.2,16.6,12.8,8.9,2.8,0.7
1981,-1.5,-0,6.6,7.1,14.3,17.4,17.4,17.3,14.1,8.9,4.5,-2.5
1982,-3.7,-0.9,4.8,6.2,13.5,16.8,19.2,18.8,15.9,10,5.4,1.7
1983,4,-2.4,4.9,10,14,16.8,20.4,18.6,14.4,9.8,3.1,-0.9
1984,1,-0.4,2.2,7.7,12.7,14.8,15.7,17.8,13,11.1,3.2,-0.8
1985,-7.9,-5.6,3.2,8.5,14.7,14.1,18,17.5,13.3,8.4,1,3.1
1986,-0.5,-8.5,2.8,8.7,15.1,16.1,17.5,17,11.7,9.3,5.2,1
1987,-9.4,-1.4,-0.8,8.5,11.4,15.6,18,15.7,14.6,9.4,5.1,1.6
1988,2.8,2.2,2.3,8.3,14.9,16.3,18.7,17.8,14.1,9.1,1.1,2.6
1989,1.8,3.8,6.4,8.9,13.9,15.6,18.3,18.3,15.1,10.9,2,2
1990,2.3,5.5,7.6,8.2,14.6,16.6,17.7,18.6,12.1,9.6,5,0.5
1991,0.9,-3.8,6,8.2,10.2,15.1,19.7,18.4,15.3,7.9,3.7,-0.5
1992,0.4,2.5,4.4,8.6,14.4,19.1,20.2,21.7,14.1,7.1,4.8,-0.3
1993,1.4,-0.8,2.7,9.6,16,16.2,17,17.1,13.4,8.6,-0.3,2.9
1994,3.3,-1.1,5.6,9,12.8,16.6,22.3,19,14.7,7.1,5.3,2.5
1995,-0.4,4.6,3.5,8.8,12.9,15.9,20.9,18.6,13.2,11.2,1.2,-3.2
1996,-5,-4.1,-0.3,8.2,13.3,16.8,16.5,17.7,10.8,9.9,5.9,-4.4
1997,-4.3,3.2,4.2,6,13.8,17.4,17.9,19.4,14.2,7.4,3.3,1.6
1998,1.8,4.9,3.5,10.5,14.7,17.8,18,17.5,13.9,8.9,0.7,-0.2
1999,1.4,-0.1,5.2,10,14.2,16.4,20,18.2,17.2,9.4,3,1.8
2000,-0.4,3.8,5.1,12.1,15.6,17.9,16.5,19,13.4,12.4,6.8,2.4
2001,0.6,1.2,3.5,8,14.8,15.1,19.2,19.2,12.5,12.7,3.4,-1.6
2002,0.9,5,5.3,9,17,18.2,20.1,20.6,13.6,8.2,4.9,-3.3
2003,-1.7,-3.1,3.7,8.2,15.7,19.5,19.5,20.4,14.3,5.9,5.5,1.6
2004,-3.2,2,4.5,9.8,12.8,16.8,18.3,19.5,14.4,10.6,4.7,1.4
2005,1.9,-1.7,1.7,9.7,14,16.7,19.6,17.5,15.5,10.1,3.1,0.6
2006,-5.9,-1.9,0.7,9.7,14,18.3,23.2,17,16.2,11.2,6.6,4.1
2007,4.8,2.7,6.5,11,15.4,19.2,19.1,18.8,12.9,8.5,2.8,1
2008,2.8,4,4.5,8.8,14.4,18.7,19.8,18.7,13.6,9.7,6,1.9
2009,-2.5,0.1,4.5,12.2,14.2,15.6,19.4,19.4,15.6,7.9,6.8,-0.5
2010,-5.8,-0.9,4,9.4,12.6,17.6,21.3,18.9,12.7,6.9,6.2,-5.1
2011,0.5,-1.6,4.4,11.7,14.5,18.9,18,19.2,15.8,9.5,3.8,3.8
2012,1,-3.9,6.3,9.5,15.6,17.1,20,19.4,14.8,8.7,5.8,-0.7
2013,-1.6,0.1,-0.6,9.2,14.3,17.3,20.6,19.2,13.1,11.9,6,3.4
2014,1.2,4.8,7.6,11.2,13.9,17.4,22,18.2,16.2,11.3,7,2.9
2015,2.9,2.1,6,9.4,13.9,17.1,20.9,23.2,15.8,9,6.9,6.1
2016,-0.3,4.9,5.2,9.5,15.7,19.5,20.3,19,17.5,9.1,4.1,2
2017,-2.4,1.9,7.6,8.6,15,19.3,19.9,20.2,13.8,11.5,6.1,3.4
2018,3.3,-1.7,1.9,14,17.8,19.5,20.8,22,16.7,11.4,5.8,3.3
2019,0.2,3.8,7.2,11.2,12.4,22.7,20.3,21.2,15.2,11.5,7.6,4